accountKey,valorInvestido,limiteCreditoAtual,valorGarantia
f8c74588-de4a-47ef-a4e1-30970aa7e22a,50.0,50,50.0
a80df7be-41b1-453c-9d8d-1a8a3bced731,50.0,50,50.0
f6868a53-273e-425c-963c-9a3e642762f1,191.0,165,165.0
e2313d1b-b4c9-4e4f-af7a-96f98a36109f,90.0,89,121.0
69c58c90-7c05-4644-8d4d-6b09e3c93c25,251.0,199.99,199.99
ac79d698-98b5-4f20-9d38-84b25c4f65ff,402.0,400,200.0
09b2097a-ed3c-4e04-a4be-24150ba737c7,101.0,100,157.0
82cdcfb9-ad8e-4b89-ba6c-1433c8c3c487,50.0,50,50.0
0ebe44ae-46dc-499a-b391-74f9284ab76a,61.0,60,80.0
ce615150-f70e-479e-a817-f3678b0e136f,180.0,180,180.0
7b0766f8-e01c-49cd-a633-a1b0f1502b26,130.0,130,140.0
928842b2-f8b3-488d-97ca-080934e07a6e,266.0,300,300.0
d0a192a9-3025-4749-ae15-6e4aa236a0c8,50.0,50,50.0
8fd27446-48b8-4102-b9b9-3e29b6e5c1e6,61.0,61,61.0
7d0f75b6-0217-4aaf-b227-1a60f41ea932,100.0,50,50.0
c9b36bf6-06e3-4fe1-9f60-d63af9a450c2,107.0,107,118.0
ae073e8d-0d6f-492a-a03d-46ba98eafc54,150.0,150,150.0
21d6635a-f143-4b83-b219-443c71ff7c25,50.0,50,50.0
47543f57-5ff0-4427-8a4a-2faf91b79da0,50.0,50,50.0
d19058e2-cdbf-454d-8c23-3ac4d33355b6,50.0,50,50.0
99791994-f1c4-40b7-91c7-9c3eceb5df5d,150.0,150,150.0
db9040aa-3b85-4be9-81f3-84744cac9366,50.0,50,50.0
871375b0-bebf-4b07-8961-328e3446cf14,60.0,60,60.0
a3f93ffe-8d93-44d0-83b2-6bed27bf9efa,100.0,100,100.0
6fdc2c4d-eb01-46d8-8098-a3d0a25c6a36,50.0,0,0.0
85014e6a-cd29-4bfe-9b03-14432570689e,50.0,50,50.0
279fc386-2381-45c9-acd5-dcea9ce578e7,5000.0,5000,5000.0
0971a887-24cb-4e8d-a70e-8be1ebb7a51e,50.0,50,50.0
edda2971-bd66-4b00-ac57-e9284f0c92bc,50.0,50,50.0
34b2246c-ffd1-474b-9812-5eb3c14307e2,100.0,100,100.0
df2cb139-2dfa-470e-86d3-4478895c408e,50.0,50,50.0
b66a9d43-d5d1-434e-9c3c-9326b457c75f,100.0,100,100.0
263dd7fe-8673-4759-9f11-bdef0c323c3e,18629.0,18623,18623.0
77018102-9d35-4d99-b2b3-217be0fa4cae,50.0,50,50.0
a045a353-66db-4522-9e08-9e220f360bfc,851.0,850,850.0
54ea2439-b3b8-4a5c-846c-cf948647a91f,100.0,100,100.0
e1b3f1d8-e8f0-4c89-bd2f-3b4f40aa047f,100.0,100,100.0
c5046b31-6be6-4f51-bddd-391ae4242897,50.0,50,50.0
645c34ad-fdf7-46d5-892a-63bb8641a471,100.0,100,100.0
22996b00-8703-4198-9ca5-6797204bc413,1.0,0,0.0
572c8714-6d08-40d6-8e96-896b9dcafc1d,4000.0,4000,4000.0
1aabc766-2bd4-487f-9e31-546b43bd7ac2,50.0,50,50.0
5ff965f2-b221-4ecd-b1fb-97e4c46ace9f,151.0,150,150.0
a0159371-4fb6-4a8a-ad5b-d5237b775edf,50.0,50,50.0
f2aedd6d-300a-4258-a079-d4773d3a44be,1.0,0,0.0
8d5adbf0-a54d-4c6f-b0e2-d5757eef3f4a,200.0,200,200.0
a0e30660-1c4c-4135-9754-cd7ee5550f58,200.0,200,200.0
465fe959-d50a-4052-839a-6fc823205ee3,20050.0,20050,20050.0
5cfc4e92-fb07-4e5f-a164-5ccf1162a149,100.0,100,100.0
67da1de5-0788-4b37-a1d0-1c838df9fd71,600.0,600,600.0
a7ddc23b-724d-4e47-8e75-f5936b73d6e7,1500.0,1500,1500.0
beab48c7-82c5-49be-9999-ad45e889ed1e,50.0,50,50.0
4e51832d-25de-4e35-9148-cce2a4c30081,1000.0,1000,1000.0
43144e88-8c6a-4523-966d-e122ae7ef032,3200.0,3200,3200.0
fb418c3d-5fcb-4ae4-ad47-da2d53c8ff0f,20000.0,20000,20000.0
5f6cc4a3-1201-4297-a4ae-be4e889caec9,480.0,480,480.0
b2364086-87ed-4c22-bac4-a21df5704bb9,50.0,50,50.0
a9294954-d7cf-46e4-9ec8-53e723e4d207,50.0,50,50.0
af09a2c0-1475-4ea2-8a8b-4a649e23b238,50.0,50,50.0
c2fb5bdc-acea-4f2c-a44a-53666221f4ae,500.0,500,500.0
32ecfc9d-8128-4cf4-bbd3-89b0645664b1,50.0,50,50.0
36a55eff-4747-4f09-9bca-3f91747ed290,50.0,50,50.0
5400455b-4f76-45fb-a593-8ca5a9e87c3d,400.0,400,400.0
c9c2ffed-8e6a-48d7-a8a7-af3646aa7e83,50.0,50,50.0
1baee20e-ba9e-4905-a26c-18ac900fa8b6,50.0,50,50.0
4c9b1554-44a2-41e4-a108-2f6e173fb21b,50.0,50,50.0
e677efd8-f827-4114-a606-de79fabdee98,50.0,50,50.0
